Experiment 3: Galerkin-Leverage Surgery

checkpoint=/Users/fernandoruizmazo/Documents/GitHub/mech-ICL-KRR/dx40_scale_aware_gated_s122/minimal_scale_canonical_single_dx40_tau16_am2p0_2p0_inv_rank_bs16_ga1_150000_s122.best.pt
episodes=8, n_causal=40, eps=0.001
layer_rule=sweep, k_remove_list=[1, 2, 4, 8, 16]

Final-layer or layer-sweep summary by control:
control                    k    state      drift        rho  task_damage   delta_task
high_iso_low_task          1      0.0    0.05061      1.161     15.35314      5.68959
high_iso_low_task          1      1.0    0.05433      1.150     20.34416      7.16352
high_iso_low_task          1      2.0    0.04724      1.161     17.80492      5.73095
high_iso_low_task          1      3.0    0.04776      1.163     13.24967      4.02079
high_iso_low_task          1      4.0    0.04403      1.148     13.88402      3.96899
high_iso_low_task          1      5.0    0.03987      1.112     17.34982      4.52017
high_iso_low_task          1      6.0    0.01904      1.105      5.65374      0.24854
high_iso_low_task          1      7.0    0.01094      1.032      1.96596      0.06908
high_iso_low_task          1      8.0    0.00000      1.000      0.00000      0.00000
high_iso_low_task         16      0.0    0.62580      1.985    281.74298    228.57229
high_iso_low_task         16      1.0    0.68114      2.049    181.40620    125.64935
high_iso_low_task         16      2.0    0.75842      2.117    263.20292    203.65102
high_iso_low_task         16      3.0    0.74446      2.077    145.73756     86.19772
high_iso_low_task         16      4.0    0.68064      2.012    125.29737     65.60789
high_iso_low_task         16      5.0    0.25911      1.568     52.27660     16.82995
high_iso_low_task         16      6.0    0.04249      1.234     15.54765      6.18442
high_iso_low_task         16      7.0    0.02215      1.056     12.47427      5.13399
high_iso_low_task         16      8.0    0.00000      1.000      0.00000      0.00000
high_iso_low_task          2      0.0    0.07138      1.200     35.09781     20.12041
high_iso_low_task          2      1.0    0.07392      1.205     37.06726     20.61259
high_iso_low_task          2      2.0    0.11302      1.262     38.47049     20.88375
high_iso_low_task          2      3.0    0.11396      1.254     38.89558     18.55790
high_iso_low_task          2      4.0    0.09969      1.235     38.08281     23.75722
high_iso_low_task          2      5.0    0.07417      1.206     25.55865      8.90796
high_iso_low_task          2      6.0    0.02489      1.132      6.84775      4.09718
high_iso_low_task          2      7.0    0.01372      1.037      3.25369      1.48984
high_iso_low_task          2      8.0    0.00000      1.000      0.00000      0.00000
high_iso_low_task          4      0.0    0.19136      1.507     71.32494     42.23718
high_iso_low_task          4      1.0    0.21007      1.534     63.03024     37.86366
high_iso_low_task          4      2.0    0.26252      1.587     72.92185     38.18599
high_iso_low_task          4      3.0    0.29439      1.601     92.67723     57.07635
high_iso_low_task          4      4.0    0.22416      1.511     68.36557     37.77859
high_iso_low_task          4      5.0    0.20066      1.458     53.06200     33.92582
high_iso_low_task          4      6.0    0.03636      1.189     13.17235      5.53586
high_iso_low_task          4      7.0    0.01653      1.031      5.25074      1.47796
high_iso_low_task          4      8.0    0.00000      1.000      0.00000      0.00000
high_iso_low_task          8      0.0    0.39528      1.755    211.19244    160.41782
high_iso_low_task          8      1.0    0.45292      1.832    206.37711    153.28877
high_iso_low_task          8      2.0    0.52283      1.916    128.73626     79.89926
high_iso_low_task          8      3.0    0.57930      1.938    158.02400    105.40371
high_iso_low_task          8      4.0    0.49279      1.839    300.34747    253.62341
high_iso_low_task          8      5.0    0.21340      1.540     48.59717     14.36289
high_iso_low_task          8      6.0    0.03842      1.248      7.71206      4.20863
high_iso_low_task          8      7.0    0.01812      1.047      5.86027      1.39708
high_iso_low_task          8      8.0    0.00000      1.000      0.00000      0.00000
high_task                  1      0.0    0.88292      7.929     59.56575    -58.99033
high_task                  1      1.0    0.87543      7.595     59.61174    -58.88411
high_task                  1      2.0    0.70276      5.685     59.48038    -58.53098
high_task                  1      3.0   18.56278    132.466    239.28812    121.09289
high_task                  1      4.0   37.73321    245.248   1135.50292   1062.03370
high_task                  1      5.0    0.63064      3.453     77.03655     11.37678
high_task                  1      6.0    0.26976      1.281     47.28660    -22.41746
high_task                  1      7.0    0.11200      1.027     19.18108     -7.04856
high_task                  1      8.0    0.00000      1.000      0.00000      0.00000
high_task                 16      0.0    0.85961      8.092     60.00203    -58.43600
high_task                 16      1.0    0.82625      7.557     59.95197    -58.49502
high_task                 16      2.0    0.75391      6.617     59.83779    -58.63453
high_task                 16      3.0    0.60361      4.730     59.66371    -58.82467
high_task                 16      4.0    0.49405      3.711     59.54956    -58.94298
high_task                 16      5.0    0.40937      2.720     59.53749    -58.94748
high_task                 16      6.0    0.34507      2.173     59.57613    -58.88845
high_task                 16      7.0    0.28002      1.441     61.94225    -55.70448
high_task                 16      8.0    0.00000      1.000      0.00000      0.00000
high_task                  2      0.0    0.94004      8.474     59.62661    -58.91187
high_task                  2      1.0    0.91823      8.097     59.69141    -58.81442
high_task                  2      2.0    0.79696      6.681     58.66117    -55.53729
high_task                  2      3.0   12.66780     90.236    167.27134     49.92671
high_task                  2      4.0   16.78623    101.779   4794.81079   4729.02342
high_task                  2      5.0    1.11646      7.025     72.74515      0.55547
high_task                  2      6.0    0.33849      1.586     55.65916    -48.13201
high_task                  2      7.0    0.15830      1.123     21.37434    -14.62866
high_task                  2      8.0    0.00000      1.000      0.00000      0.00000
high_task                  4      0.0    1.09510     10.402     59.69182    -58.79327
high_task                  4      1.0    1.07279     10.160     59.67180    -58.82433
high_task                  4      2.0    0.93341      8.409     59.63154    -58.89639
high_task                  4      3.0    0.67146      5.350     59.47802    -59.05612
high_task                  4      4.0    0.49525      3.600     59.43839    -59.08787
high_task                  4      5.0    0.38929      2.337     59.91389    -58.18878
high_task                  4      6.0    0.36601      1.995     59.70479    -58.70126
high_task                  4      7.0    0.25735      1.177     64.38274    -52.66707
high_task                  4      8.0    0.00000      1.000      0.00000      0.00000
high_task                  8      0.0    0.82882      7.324     59.86385    -58.62586
high_task                  8      1.0    0.82042      7.085     59.82758    -58.67063
high_task                  8      2.0    0.75772      6.249     59.72767    -58.79143
high_task                  8      3.0    0.59194      4.403     59.55885    -58.97030
high_task                  8      4.0    0.50635      3.571     59.48810    -59.03730
high_task                  8      5.0    0.42520      2.691     59.50305    -58.89692
high_task                  8      6.0    0.38612      2.228     59.73413    -58.67881
high_task                  8      7.0    0.29733      1.476     64.27505    -53.05782
high_task                  8      8.0    0.00000      1.000      0.00000      0.00000
high_variance_low_task     1      0.0    0.08503      1.150     21.70101     11.44283
high_variance_low_task     1      1.0    0.09580      1.154     23.22812      8.29076
high_variance_low_task     1      2.0    0.12168      1.152     29.08813     12.34129
high_variance_low_task     1      3.0    0.11367      1.146     29.04652     11.40287
high_variance_low_task     1      4.0    0.09110      1.109     29.64029     14.93567
high_variance_low_task     1      5.0    0.08534      1.066     30.63896      7.03947
high_variance_low_task     1      6.0    0.01831      0.988      5.37462      3.97678
high_variance_low_task     1      7.0    0.01178      0.988      2.66561      1.55272
high_variance_low_task     1      8.0    0.00000      1.000      0.00000      0.00000
high_variance_low_task    16      0.0    0.69187      2.038    174.81494    109.04403
high_variance_low_task    16      1.0    0.73050      2.097    160.60277     96.48176
high_variance_low_task    16      2.0    0.80675      2.175    189.98545    137.51395
high_variance_low_task    16      3.0    0.78819      2.130    295.34656    243.21106
high_variance_low_task    16      4.0    0.69160      2.023    231.94989    156.68115
high_variance_low_task    16      5.0    0.26418      1.585     64.16347     29.45078
high_variance_low_task    16      6.0    0.04222      1.246     10.10061      3.59067
high_variance_low_task    16      7.0    0.02213      1.055      9.36146      2.67123
high_variance_low_task    16      8.0    0.00000      1.000      0.00000      0.00000
high_variance_low_task     2      0.0    0.23917      1.585     40.21247     22.25943
high_variance_low_task     2      1.0    0.25282      1.601     43.61499     17.23839
high_variance_low_task     2      2.0    0.28903      1.604     52.18010     28.89679
high_variance_low_task     2      3.0    0.29083      1.621     52.99388     21.90507
high_variance_low_task     2      4.0    0.24077      1.551     48.45827     22.88098
high_variance_low_task     2      5.0    0.13644      1.318     32.60780      2.84772
high_variance_low_task     2      6.0    0.03183      1.147      4.96707      2.96104
high_variance_low_task     2      7.0    0.01655      1.033      2.60471      1.34274
high_variance_low_task     2      8.0    0.00000      1.000      0.00000      0.00000
high_variance_low_task     4      0.0    0.33613      1.779     67.97955     31.69547
high_variance_low_task     4      1.0    0.33799      1.778     75.69126     41.94594
high_variance_low_task     4      2.0    0.36476      1.750     82.22307     56.50476
high_variance_low_task     4      3.0    0.37649      1.820     93.53764     53.24993
high_variance_low_task     4      4.0    0.23960      1.677     60.54760     34.48846
high_variance_low_task     4      5.0    0.14769      1.445     41.80704      2.05149
high_variance_low_task     4      6.0    0.04249      1.221      9.92882      4.47989
high_variance_low_task     4      7.0    0.01997      1.029      4.42706      2.29427
high_variance_low_task     4      8.0    0.00000      1.000      0.00000      0.00000
high_variance_low_task     8      0.0    0.51420      1.862    152.26818    115.84571
high_variance_low_task     8      1.0    0.53888      1.893    173.43196    141.56536
high_variance_low_task     8      2.0    0.62443      1.971    125.32987     68.47018
high_variance_low_task     8      3.0    0.63817      1.978    160.12133    100.22556
high_variance_low_task     8      4.0    0.52390      1.848    180.02593    139.34413
high_variance_low_task     8      5.0    0.23760      1.538     65.44101     33.77438
high_variance_low_task     8      6.0    0.04010      1.248      9.95965      4.30220
high_variance_low_task     8      7.0    0.02192      1.060      7.88884      2.73255
high_variance_low_task     8      8.0    0.00000      1.000      0.00000      0.00000
low_task                   1      0.0    0.01555      1.013     18.63130     -0.82327
low_task                   1      1.0    0.01457      1.011     15.25881     -0.15107
low_task                   1      2.0    0.01886      0.987     12.57824      1.51965
low_task                   1      3.0    0.02118      0.984     13.92064      1.95618
low_task                   1      4.0    0.04654      0.959     18.18143     -4.29334
low_task                   1      5.0    0.01196      0.991     11.91066      1.65645
low_task                   1      6.0    0.00211      0.999      5.76189      0.57622
low_task                   1      7.0    0.00096      1.000      2.47369      0.31730
low_task                   1      8.0    0.00000      1.000      0.00000      0.00000
low_task                  16      0.0    0.70170      1.965    149.91806    100.94187
low_task                  16      1.0    0.69751      1.974    167.39812    112.80983
low_task                  16      2.0    0.69611      1.976    175.72700    119.96961
low_task                  16      3.0    0.69740      1.971    183.31573    126.41540
low_task                  16      4.0    0.49906      1.788    283.48386    242.86452
low_task                  16      5.0    0.18617      1.429     44.67952      7.17436
low_task                  16      6.0    0.04006      1.197     12.22290     -0.66508
low_task                  16      7.0    0.01939      1.041      9.15922      1.84255
low_task                  16      8.0    0.00000      1.000      0.00000      0.00000
low_task                   2      0.0    0.03703      1.028     25.06469      1.04968
low_task                   2      1.0    0.03956      1.029     25.28411      2.24574
low_task                   2      2.0    0.01409      1.009     13.02369      5.55382
low_task                   2      3.0    0.01209      1.008     12.83822      5.53796
low_task                   2      4.0    0.03735      0.974     18.63699      2.45823
low_task                   2      5.0    0.00548      1.001      7.93999      0.90744
low_task                   2      6.0    0.00411      0.998      8.01883      1.14722
low_task                   2      7.0    0.00193      1.000      2.27302      0.23985
low_task                   2      8.0    0.00000      1.000      0.00000      0.00000
low_task                   4      0.0    0.03477      1.022     19.61827     -2.80950
low_task                   4      1.0    0.03180      1.015     19.82203     -4.25328
low_task                   4      2.0    0.02983      0.984     16.79254      0.57847
low_task                   4      3.0    0.02427      0.990     15.34970      0.34802
low_task                   4      4.0    0.07871      0.941     27.68005    -18.37170
low_task                   4      5.0    0.01589      1.012     23.41696     -1.24330
low_task                   4      6.0    0.00858      0.994     17.69890      1.01869
low_task                   4      7.0    0.00303      1.001      3.48225     -0.03897
low_task                   4      8.0    0.00000      1.000      0.00000      0.00000
low_task                   8      0.0    0.08611      1.062     37.11158     13.44225
low_task                   8      1.0    0.07797      1.055     29.90041      7.12920
low_task                   8      2.0    0.07352      1.059     33.51591      5.15811
low_task                   8      3.0    0.06995      1.054     32.45354      6.27164
low_task                   8      4.0    0.03556      1.015     23.47869      7.54111
low_task                   8      5.0    0.04588      1.029     20.19056      2.25204
low_task                   8      6.0    0.01422      0.982     16.79654      0.76580
low_task                   8      7.0    0.00472      0.998      3.22345      0.15093
low_task                   8      8.0    0.00000      1.000      0.00000      0.00000
random_A                   1      0.0    0.41370      2.008    123.58284     63.53305
random_A                   1      1.0 254859.71622 5323247.122 2052449.12835 2052392.21330
random_A                   1      2.0 219489.24155 4242430.144 960165.36305 960134.06934
random_A                   1      3.0 10233.52023 213426.474   4750.17077   4713.48816
random_A                   1      4.0  459.95709   8166.117    669.73820    642.22470
random_A                   1      5.0    0.86548     11.146     50.95640     19.07856
random_A                   1      6.0    0.11924      1.662     19.21767      0.50718
random_A                   1      7.0    0.05648      1.116     25.84941     20.29547
random_A                   1      8.0    0.00000      1.000      0.00000      0.00000
random_A                  16      0.0    0.84865      9.208     78.86518    -39.54524
random_A                  16      1.0 186983.15245 3035576.926 35887921.50149 35887803.00642
random_A                  16      2.0 498565.39388 7661429.579 5349630.06619 5349511.59988
random_A                  16      3.0 91589.16399 1461553.764 426521.05506 426402.49749
random_A                  16      4.0 8682.20870 138421.245   7385.00326   7266.47742
random_A                  16      5.0  693.79829   8455.984   1602.04315   1529.19630
random_A                  16      6.0    2.83696     40.359     38.41455    -19.18571
random_A                  16      7.0    0.16287      1.763     23.59559     14.51557
random_A                  16      8.0    0.00000      1.000      0.00000      0.00000
random_A                   2      0.0    0.55573      2.199    146.95081     85.04762
random_A                   2      1.0 151325.81913 2568486.127 17005455.81256 17005394.94609
random_A                   2      2.0 569676.80017 9329725.099 11586333.58098 11586271.73649
random_A                   2      3.0 12942.64951 208467.541 232573.90132 232513.88067
random_A                   2      4.0 1470.13822  23960.745   1113.26672   1058.59123
random_A                   2      5.0   27.69764    271.555    228.87060    159.23246
random_A                   2      6.0    0.37195      5.955     16.44560      2.06021
random_A                   2      7.0    0.06962      1.457      8.60876     -1.22185
random_A                   2      8.0    0.00000      1.000      0.00000      0.00000
random_A                   4      0.0 130192.12854 2408535.163 8507479.80074 8507362.77301
random_A                   4      1.0 507984.45644 9912963.722 79477925.18592 79477808.93382
random_A                   4      2.0 587611.80193 9980544.645 35297886.14848 35297767.83871
random_A                   4      3.0 92348.25547 1622440.270  79229.76917  79113.49234
random_A                   4      4.0 5279.28522  90000.114   9586.19524   9470.43244
random_A                   4      5.0  472.55635   6163.526   1642.87934   1577.07699
random_A                   4      6.0    2.65802     40.701     25.06709     -4.67583
random_A                   4      7.0    0.13963      1.639     24.53254     15.12434
random_A                   4      8.0    0.00000      1.000      0.00000      0.00000
random_A                   8      0.0 151410.66825 3162521.908 1946439.00544 1946322.09246
random_A                   8      1.0 683345.13925 11891759.762 11950312.66377 11950195.50108
random_A                   8      2.0 339273.07475 5489032.695 15897479.38147 15897366.16086
random_A                   8      3.0 23074.25423 370394.629 1052230.84117 1052115.88830
random_A                   8      4.0 4326.12430  74899.497  39218.79027  39171.16429
random_A                   8      5.0  396.48350   4512.914    711.22870    649.06539
random_A                   8      6.0    1.01842     15.241     13.96441      4.76682
random_A                   8      7.0    0.11333      1.601     13.95872      3.69491
random_A                   8      8.0    0.00000      1.000      0.00000      0.00000
random_Q                   1      0.0    0.28922      1.836     51.88290      7.55124
random_Q                   1      1.0    0.32095      1.807     48.65454    -18.50394
random_Q                   1      2.0    0.31410      1.683     60.73429    -54.32900
random_Q                   1      3.0    0.26296      1.588     51.05038    -21.01950
random_Q                   1      4.0    0.23167      1.337     60.77019    -55.73714
random_Q                   1      5.0    0.17898      1.402     44.02348     -0.13463
random_Q                   1      6.0    0.06241      1.133     12.72891     -2.21227
random_Q                   1      7.0    0.03553      1.023     12.71932      6.22765
random_Q                   1      8.0    0.00000      1.000      0.00000      0.00000
random_Q                  16      0.0    0.66734      5.419     59.46651    -57.28557
random_Q                  16      1.0    0.66740      5.441     59.18103    -55.71120
random_Q                  16      2.0    0.63674      4.959     59.49459    -58.22141
random_Q                  16      3.0    0.52800      3.865     59.63119    -58.86700
random_Q                  16      4.0    1.70764      4.458   1913.46445   1857.01308
random_Q                  16      5.0    0.58770      2.780     89.20321     41.83087
random_Q                  16      6.0    0.33699      2.096     45.18131    -19.47803
random_Q                  16      7.0    0.16731      1.322     23.52336      0.15242
random_Q                  16      8.0    0.00000      1.000      0.00000      0.00000
random_Q                   2      0.0    0.18257      1.423     42.41725     15.64200
random_Q                   2      1.0    0.20362      1.441     45.80383     15.78920
random_Q                   2      2.0    0.24101      1.704     45.02831     25.84787
random_Q                   2      3.0    0.23497      1.531     52.42624     31.78376
random_Q                   2      4.0    0.19326      1.565     44.35530     18.70384
random_Q                   2      5.0    0.11863      1.578      8.18182      2.53999
random_Q                   2      6.0    0.07139      1.337      9.08028      1.34969
random_Q                   2      7.0    0.04015      1.174      4.13322      0.01843
random_Q                   2      8.0    0.00000      1.000      0.00000      0.00000
random_Q                   4      0.0    0.35547      2.469     59.62229    -58.76300
random_Q                   4      1.0    0.36850      2.638     59.54508    -58.92304
random_Q                   4      2.0    0.40656      2.789     59.54658    -58.92411
random_Q                   4      3.0    0.32818      2.079     59.47499    -59.00717
random_Q                   4      4.0    3.56165      5.125   2606.31576   2550.07222
random_Q                   4      5.0    0.36459      1.778     57.08730     10.55409
random_Q                   4      6.0    0.21481      1.520     26.52937    -11.39620
random_Q                   4      7.0    0.09532      1.287     12.02569      0.56020
random_Q                   4      8.0    0.00000      1.000      0.00000      0.00000
random_Q                   8      0.0    0.72769      6.456     59.61795    -58.91655
random_Q                   8      1.0    0.70307      5.939     59.72747    -58.59332
random_Q                   8      2.0    0.69288      5.420     59.71628    -58.64531
random_Q                   8      3.0    0.51310      3.244     59.54815    -58.97179
random_Q                   8      4.0    9.69707     11.691   1433.00963   1371.56360
random_Q                   8      5.0    0.46648      2.204     83.11526     21.94436
random_Q                   8      6.0    0.29305      1.699     41.94976    -16.06919
random_Q                   8      7.0    0.16080      1.186     18.56219     -8.43947
random_Q                   8      8.0    0.00000      1.000      0.00000      0.00000
