RBF task-visible rank spectral scan

d_x=5, ell=3.0, sigma2=0.1, rank_tau=0.01, excess_risk_frac=0.05
episodes=32, x distribution=N(0,I)

Grid summary:
n_ctx n_tgt cap   r_T_mean strict  r_T/cap  tau_eq  risk/tgt sig/tgt  p_rank  ent_rank  tail32  tail48  tail64
   47    64  47    17.12  27.88    0.364   0.064   0.0758  0.9242    2.16     3.79   0.005   0.000   0.000
   47   128  47    18.28  30.78    0.389   0.064   0.0763  0.9237    2.17     3.85   0.008   0.000   0.000
   47   256  47    18.84  32.28    0.401   0.064   0.0754  0.9246    2.18     3.89   0.010   0.000   0.000
   96    64  64    20.50  35.84    0.320   0.048   0.0447  0.9553    2.22     4.02   0.014   0.002   0.000
   96   128  96    21.81  43.59    0.227   0.049   0.0454  0.9546    2.29     4.25   0.023   0.006   0.001
   96   256  96    22.53  46.62    0.235   0.048   0.0449  0.9551    2.28     4.26   0.028   0.008   0.001
  128    64  64    21.97  38.81    0.343   0.043   0.0364  0.9636    2.31     4.24   0.018   0.003   0.000
  128   128 128    25.09  47.03    0.196   0.044   0.0379  0.9621    2.33     4.39   0.029   0.009   0.001
  128   256 128    28.12  50.75    0.220   0.044   0.0367  0.9633    2.32     4.42   0.035   0.013   0.002
  192    64  64    25.84  41.12    0.404   0.037   0.0267  0.9733    2.31     4.28   0.022   0.004   0.000
  192   128 128    31.53  50.41    0.246   0.038   0.0281  0.9719    2.35     4.48   0.036   0.012   0.002
  192   256 192    36.62  54.03    0.191   0.037   0.0271  0.9729    2.36     4.56   0.045   0.018   0.004
  256    64  64    28.97  42.97    0.453   0.034   0.0223  0.9777    2.37     4.45   0.026   0.005   0.000
  256   128 128    36.56  52.81    0.286   0.034   0.0230  0.9770    2.40     4.65   0.043   0.015   0.003
  256   256 256    41.84  55.72    0.163   0.034   0.0229  0.9771    2.40     4.71   0.053   0.022   0.006

Selection rule used here:
Pick the smallest context/target setting where increasing n_tgt no longer changes r_T much,
then increase n_ctx only if we explicitly want a harder source-side operator.
