Experiment 3: Galerkin-Leverage Surgery

checkpoint=final/linear_baseline_dx5_L8.pt
episodes=32, n_causal=32, eps=0.001
layer_rule=sweep, k_remove_list=[1, 2, 4]

Final-layer or layer-sweep summary by control:
control                    k    state      drift        rho  task_damage   delta_task
high_iso_low_task          1      0.0    0.03778      4.417      0.06987      0.06549
high_iso_low_task          1      1.0    0.09635     11.096      0.79762      0.79330
high_iso_low_task          1      2.0    0.09006      8.854      0.14143      0.13725
high_iso_low_task          1      3.0    0.00561      1.219      0.01008      0.00676
high_iso_low_task          1      4.0    0.00909      1.416      0.01167      0.00887
high_iso_low_task          1      5.0    0.00565      1.171      0.00481      0.00246
high_iso_low_task          1      6.0    0.00353      1.102      0.00468      0.00236
high_iso_low_task          1      7.0    0.00122      1.002      0.00132      0.00025
high_iso_low_task          1      8.0    0.00000      1.000      0.00000      0.00000
high_iso_low_task          2      0.0    0.04050      4.595      0.09010      0.08475
high_iso_low_task          2      1.0    0.08600      9.957      0.22343      0.21842
high_iso_low_task          2      2.0    0.08229      8.314      0.12662      0.12166
high_iso_low_task          2      3.0    0.00636      1.243      0.01084      0.00693
high_iso_low_task          2      4.0    0.00931      1.407      0.01239      0.00906
high_iso_low_task          2      5.0    0.00551      1.136      0.00515      0.00239
high_iso_low_task          2      6.0    0.00375      1.100      0.00509      0.00236
high_iso_low_task          2      7.0    0.00142      1.005      0.00146      0.00023
high_iso_low_task          2      8.0    0.00000      1.000      0.00000      0.00000
high_iso_low_task          4      0.0    0.04102      4.554      0.08752      0.08130
high_iso_low_task          4      1.0    0.07373      7.929      2.88493      2.87899
high_iso_low_task          4      2.0    0.07915      8.153      0.16553      0.15951
high_iso_low_task          4      3.0    0.00694      1.242      0.01121      0.00667
high_iso_low_task          4      4.0    0.00990      1.422      0.01289      0.00904
high_iso_low_task          4      5.0    0.00582      1.141      0.00551      0.00239
high_iso_low_task          4      6.0    0.00378      1.085      0.00547      0.00234
high_iso_low_task          4      7.0    0.00168      1.006      0.00161      0.00021
high_iso_low_task          4      8.0    0.00000      1.000      0.00000      0.00000
high_task                  1      0.0    1.71277    212.870      6.60989      6.60044
high_task                  1      1.0    4.68209    649.379     41.58064     41.57140
high_task                  1      2.0    1.61880    269.431      6.32840      6.31885
high_task                  1      3.0    0.34592     45.133      0.65386      0.64448
high_task                  1      4.0    0.04811      6.339      0.08036      0.07144
high_task                  1      5.0    0.01871      2.724      0.03034      0.02252
high_task                  1      6.0    0.01586      2.288      0.01350      0.00705
high_task                  1      7.0    0.00330      1.141      0.00249      0.00053
high_task                  1      8.0    0.00000      1.000      0.00000      0.00000
high_task                  2      0.0    9.93309   1546.029    132.69088    132.68153
high_task                  2      1.0    6.43674    857.755     95.87982     95.87082
high_task                  2      2.0    3.73310    607.363     19.27106     19.26203
high_task                  2      3.0    0.75879    110.726      1.60568      1.59672
high_task                  2      4.0    0.08422     12.479      0.10112      0.09216
high_task                  2      5.0    0.03272      4.709      0.03727      0.02909
high_task                  2      6.0    0.02520      3.333      0.01882      0.01181
high_task                  2      7.0    0.00444      1.210      0.00371      0.00109
high_task                  2      8.0    0.00000      1.000      0.00000      0.00000
high_task                  4      0.0    4.94969    708.813    126.89731    126.88797
high_task                  4      1.0    6.21292    967.531     74.33459     74.32539
high_task                  4      2.0    6.27709    905.442     55.97697     55.96783
high_task                  4      3.0    1.28390    185.337      2.31241      2.30334
high_task                  4      4.0    0.13266     19.206      0.13566      0.12635
high_task                  4      5.0    0.05057      7.258      0.05002      0.04121
high_task                  4      6.0    0.03514      4.727      0.02889      0.02084
high_task                  4      7.0    0.00583      1.290      0.00503      0.00159
high_task                  4      8.0    0.00000      1.000      0.00000      0.00000
high_variance_low_task     1      0.0    0.03968      4.371      0.06845      0.06480
high_variance_low_task     1      1.0    0.09777     11.028      0.79626      0.79279
high_variance_low_task     1      2.0    0.09022      8.805      0.13711      0.13394
high_variance_low_task     1      3.0    0.00664      1.204      0.00952      0.00645
high_variance_low_task     1      4.0    0.01030      1.432      0.01171      0.00884
high_variance_low_task     1      5.0    0.00680      1.197      0.00510      0.00247
high_variance_low_task     1      6.0    0.00429      1.102      0.00479      0.00234
high_variance_low_task     1      7.0    0.00188      1.005      0.00153      0.00021
high_variance_low_task     1      8.0    0.00000      1.000      0.00000      0.00000
high_variance_low_task     2      0.0    0.03733      4.111      0.08355      0.07860
high_variance_low_task     2      1.0    0.08810     10.050      0.52229      0.51744
high_variance_low_task     2      2.0    0.08681      8.684      0.12001      0.11474
high_variance_low_task     2      3.0    0.00721      1.275      0.01047      0.00653
high_variance_low_task     2      4.0    0.00972      1.406      0.01251      0.00910
high_variance_low_task     2      5.0    0.00598      1.149      0.00530      0.00243
high_variance_low_task     2      6.0    0.00390      1.079      0.00517      0.00235
high_variance_low_task     2      7.0    0.00186      1.011      0.00158      0.00021
high_variance_low_task     2      8.0    0.00000      1.000      0.00000      0.00000
high_variance_low_task     4      0.0    0.03806      4.185      0.07842      0.07236
high_variance_low_task     4      1.0    0.09675     10.297      0.43321      0.42740
high_variance_low_task     4      2.0    0.07257      7.410      0.15262      0.14666
high_variance_low_task     4      3.0    0.00743      1.281      0.01109      0.00647
high_variance_low_task     4      4.0    0.00993      1.413      0.01297      0.00906
high_variance_low_task     4      5.0    0.00601      1.150      0.00557      0.00238
high_variance_low_task     4      6.0    0.00383      1.081      0.00549      0.00232
high_variance_low_task     4      7.0    0.00182      1.009      0.00165      0.00019
high_variance_low_task     4      8.0    0.00000      1.000      0.00000      0.00000
low_task                   1      0.0    0.00075      1.023      0.00292      0.00042
low_task                   1      1.0    0.00098      1.029      0.00245      0.00030
low_task                   1      2.0    0.00102      1.032      0.00163      0.00007
low_task                   1      3.0    0.00075      1.025      0.00120      0.00003
low_task                   1      4.0    0.00069      1.022      0.00098     -0.00002
low_task                   1      5.0    0.00058      1.018      0.00091     -0.00002
low_task                   1      6.0    0.00068      1.017      0.00096      0.00000
low_task                   1      7.0    0.00017      1.001      0.00038      0.00000
low_task                   1      8.0    0.00000      1.000      0.00000      0.00000
low_task                   2      0.0    0.00101      1.018      0.00440      0.00100
low_task                   2      1.0    0.00135      1.018      0.00367      0.00061
low_task                   2      2.0    0.00170      1.014      0.00253      0.00013
low_task                   2      3.0    0.00124      1.036      0.00191      0.00008
low_task                   2      4.0    0.00105      1.024      0.00146      0.00000
low_task                   2      5.0    0.00089      1.023      0.00129     -0.00001
low_task                   2      6.0    0.00111      1.028      0.00140      0.00001
low_task                   2      7.0    0.00026      1.002      0.00055      0.00000
low_task                   2      8.0    0.00000      1.000      0.00000      0.00000
low_task                   4      0.0    0.00304      0.944      0.00686      0.00212
low_task                   4      1.0    0.00345      0.958      0.00590      0.00144
low_task                   4      2.0    0.00381      0.997      0.00475      0.00092
low_task                   4      3.0    0.00260      1.017      0.00311      0.00012
low_task                   4      4.0    0.00230      1.019      0.00239      0.00002
low_task                   4      5.0    0.00206      1.029      0.00211      0.00003
low_task                   4      6.0    0.00216      1.042      0.00221      0.00006
low_task                   4      7.0    0.00083      1.012      0.00083     -0.00002
low_task                   4      8.0    0.00000      1.000      0.00000      0.00000
random_A                   1      0.0    6.61869    947.654   1128.34404   1128.33457
random_A                   1      1.0 1564.70215 230047.149   1384.22362   1384.21412
random_A                   1      2.0  326.62337  53261.667  21855.14438  21855.13484
random_A                   1      3.0   77.97993  11544.526   7231.50921   7231.49900
random_A                   1      4.0   15.06927   2510.700    945.12294    945.11412
random_A                   1      5.0    1.57856    186.194      4.36471      4.35584
random_A                   1      6.0    0.13608     18.052      0.15441      0.14528
random_A                   1      7.0    0.01116      1.708      0.01158      0.00618
random_A                   1      8.0    0.00000      1.000      0.00000      0.00000
random_A                   2      0.0  227.86446  25853.722  29677.77399  29677.76500
random_A                   2      1.0 2716.50621 481185.928  27807.38455  27807.37572
random_A                   2      2.0 1595.81564 237964.277   1962.83805   1962.82863
random_A                   2      3.0  211.41869  33636.438   2172.25818   2172.24863
random_A                   2      4.0   32.68700   4398.682    297.22190    297.21223
random_A                   2      5.0    4.41000    564.349      9.29871      9.28907
random_A                   2      6.0    0.19252     24.315      0.23315      0.22447
random_A                   2      7.0    0.01591      2.068      0.01683      0.01013
random_A                   2      8.0    0.00000      1.000      0.00000      0.00000
random_A                   4      0.0 1112.49535 179914.506 132046.33528 132046.32581
random_A                   4      1.0 3485.16904 603025.389  13862.15334  13862.14424
random_A                   4      2.0 1418.51485 213629.237   4689.94240   4689.93328
random_A                   4      3.0  233.01672  28784.782   7331.85829   7331.84892
random_A                   4      4.0   38.06703   5395.239    236.48807    236.47861
random_A                   4      5.0    7.49562   1083.936    116.96799    116.95860
random_A                   4      6.0    1.13141    149.150      1.69560      1.68589
random_A                   4      7.0    0.04813      5.132      0.04871      0.04040
random_A                   4      8.0    0.00000      1.000      0.00000      0.00000
random_Q                   1      0.0    0.67583     84.971      1.52234      1.51582
random_Q                   1      1.0    0.59158     64.955      3.28606      3.28010
random_Q                   1      2.0    0.92719    122.741      1.42020      1.41414
random_Q                   1      3.0    0.12297     15.927      0.08299      0.07758
random_Q                   1      4.0    0.02761      4.516      0.02547      0.02063
random_Q                   1      5.0    0.01038      2.104      0.00918      0.00530
random_Q                   1      6.0    0.00879      1.836      0.00672      0.00320
random_Q                   1      7.0    0.00089      0.995      0.00120      0.00010
random_Q                   1      8.0    0.00000      1.000      0.00000      0.00000
random_Q                   2      0.0    0.87541    117.442      4.43640      4.42839
random_Q                   2      1.0    1.92218    345.214     50.53071     50.52263
random_Q                   2      2.0    1.29937    233.911      4.52786      4.51986
random_Q                   2      3.0    0.26533     37.326      0.40203      0.39446
random_Q                   2      4.0    0.05583      9.673      0.07001      0.06324
random_Q                   2      5.0    0.02728      4.717      0.03124      0.02534
random_Q                   2      6.0    0.01493      2.794      0.01733      0.01195
random_Q                   2      7.0    0.00304      1.180      0.00290      0.00066
random_Q                   2      8.0    0.00000      1.000      0.00000      0.00000
random_Q                   4      0.0    2.32793    283.948      9.82225      9.81341
random_Q                   4      1.0    6.94836   1177.607     26.40665     26.39806
random_Q                   4      2.0    1.42204    226.875      7.66925      7.66043
random_Q                   4      3.0    0.37542     51.528      0.69808      0.68960
random_Q                   4      4.0    0.09550     12.641      0.11167      0.10357
random_Q                   4      5.0    0.06987      9.834      0.08061      0.07305
random_Q                   4      6.0    0.03704      5.188      0.03491      0.02793
random_Q                   4      7.0    0.00682      1.438      0.00463      0.00156
random_Q                   4      8.0    0.00000      1.000      0.00000      0.00000
