Experiment 3: Galerkin-Leverage Surgery

checkpoint=/Users/fernandoruizmazo/Documents/GitHub/mech-ICL-KRR/dx40_scale_aware_gated_s122/minimal_scale_canonical_single_dx40_tau16_am2p0_2p0_inv_rank_bs16_ga1_150000_s122.best.pt
episodes=8, n_causal=32, eps=0.001
layer_rule=sweep, k_remove_list=[1, 2, 4]

Final-layer or layer-sweep summary by control:
control                    k    state      drift        rho  task_damage   delta_task
high_iso_low_task          1      0.0    0.35110      3.337      0.16075      0.07335
high_iso_low_task          1      1.0    0.35622      3.477      0.16123      0.07638
high_iso_low_task          1      2.0    0.33834      3.283      0.20211      0.11993
high_iso_low_task          1      3.0    0.28699      2.914      0.14244      0.06529
high_iso_low_task          1      4.0    0.22807      2.371      0.11314      0.04801
high_iso_low_task          1      5.0    0.14971      1.636      0.08938      0.03310
high_iso_low_task          1      6.0    0.08625      1.228      0.06260      0.02281
high_iso_low_task          1      7.0    0.06279      1.192      0.04519      0.02137
high_iso_low_task          1      8.0    0.00000      1.000      0.00000      0.00000
high_iso_low_task          2      0.0    0.49862      4.618      0.20594      0.10289
high_iso_low_task          2      1.0    0.49279      4.627      0.20562      0.10570
high_iso_low_task          2      2.0    0.49185      4.486      0.22905      0.13689
high_iso_low_task          2      3.0    0.42366      3.874      0.16477      0.07492
high_iso_low_task          2      4.0    0.33371      3.117      0.13996      0.05817
high_iso_low_task          2      5.0    0.24851      2.138      0.12503      0.04640
high_iso_low_task          2      6.0    0.14640      1.363      0.09307      0.02750
high_iso_low_task          2      7.0    0.09464      1.205      0.06808      0.01905
high_iso_low_task          2      8.0    0.00000      1.000      0.00000      0.00000
high_iso_low_task          4      0.0    0.53768      5.205      0.29279      0.15595
high_iso_low_task          4      1.0    0.53360      5.130      0.29348      0.16008
high_iso_low_task          4      2.0    0.54675      5.099      0.28864      0.17037
high_iso_low_task          4      3.0    0.45330      4.245      0.21406      0.10649
high_iso_low_task          4      4.0    0.35871      3.470      0.18620      0.07751
high_iso_low_task          4      5.0    0.26843      2.465      0.19457      0.10007
high_iso_low_task          4      6.0    0.14708      1.447      0.10433      0.03486
high_iso_low_task          4      7.0    0.11982      1.258      0.08191      0.02634
high_iso_low_task          4      8.0    0.00000      1.000      0.00000      0.00000
high_task                  1      0.0    0.59944      5.213      0.23446      0.13012
high_task                  1      1.0    0.58135      5.208      0.27311      0.17110
high_task                  1      2.0    0.48537      4.508      0.27551      0.18058
high_task                  1      3.0    0.33703      2.877      0.21287      0.11871
high_task                  1      4.0    0.25851      2.391      0.12336      0.05344
high_task                  1      5.0    0.14755      1.599      0.10153      0.04613
high_task                  1      6.0    0.11974      1.515      0.06324      0.01552
high_task                  1      7.0    0.05680      1.222      0.04409      0.00565
high_task                  1      8.0    0.00000      1.000      0.00000      0.00000
high_task                  2      0.0    0.62034      5.673      0.31848      0.19960
high_task                  2      1.0    0.60888      5.659      0.33484      0.21934
high_task                  2      2.0    0.49117      4.714      0.34894      0.24186
high_task                  2      3.0    0.32914      2.984      0.25247      0.14793
high_task                  2      4.0    0.26258      2.524      0.15649      0.06891
high_task                  2      5.0    0.16953      1.756      0.13915      0.06823
high_task                  2      6.0    0.13604      1.599      0.07715      0.02104
high_task                  2      7.0    0.06594      1.266      0.05290      0.00661
high_task                  2      8.0    0.00000      1.000      0.00000      0.00000
high_task                  4      0.0    0.73339      7.026      0.41631      0.29411
high_task                  4      1.0    0.72118      6.927      0.41179      0.29113
high_task                  4      2.0    0.59488      5.478      0.40329      0.29002
high_task                  4      3.0    0.41680      3.924      0.27011      0.16090
high_task                  4      4.0    0.29399      2.914      0.19712      0.09985
high_task                  4      5.0    0.21887      2.349      0.21958      0.13472
high_task                  4      6.0    0.14858      1.733      0.09784      0.02976
high_task                  4      7.0    0.08722      1.365      0.07230      0.01082
high_task                  4      8.0    0.00000      1.000      0.00000      0.00000
high_variance_low_task     1      0.0    0.47782      4.941      0.16219      0.03763
high_variance_low_task     1      1.0    0.51883      5.477      0.17274      0.04970
high_variance_low_task     1      2.0    0.55923      5.255      0.19190      0.08988
high_variance_low_task     1      3.0    0.37196      3.834      0.12716      0.02949
high_variance_low_task     1      4.0    0.25986      2.600      0.12178      0.03860
high_variance_low_task     1      5.0    0.25980      2.014      0.13202      0.05269
high_variance_low_task     1      6.0    0.16608      1.232      0.07965      0.02818
high_variance_low_task     1      7.0    0.11027      1.153      0.06243      0.02202
high_variance_low_task     1      8.0    0.00000      1.000      0.00000      0.00000
high_variance_low_task     2      0.0    0.56845      5.806      0.21612      0.07911
high_variance_low_task     2      1.0    0.56747      5.830      0.22081      0.08684
high_variance_low_task     2      2.0    0.56546      5.624      0.22638      0.10201
high_variance_low_task     2      3.0    0.45015      4.406      0.16004      0.05296
high_variance_low_task     2      4.0    0.33476      3.184      0.15486      0.04761
high_variance_low_task     2      5.0    0.23663      2.094      0.16341      0.07313
high_variance_low_task     2      6.0    0.13270      1.346      0.09527      0.03063
high_variance_low_task     2      7.0    0.11268      1.192      0.07563      0.02302
high_variance_low_task     2      8.0    0.00000      1.000      0.00000      0.00000
high_variance_low_task     4      0.0    0.56414      5.788      0.28761      0.15393
high_variance_low_task     4      1.0    0.56593      5.836      0.28937      0.15871
high_variance_low_task     4      2.0    0.56946      5.683      0.27893      0.16095
high_variance_low_task     4      3.0    0.45734      4.539      0.19986      0.09494
high_variance_low_task     4      4.0    0.34688      3.392      0.17473      0.06974
high_variance_low_task     4      5.0    0.24905      2.319      0.17731      0.08405
high_variance_low_task     4      6.0    0.13578      1.430      0.09974      0.03292
high_variance_low_task     4      7.0    0.11630      1.248      0.08142      0.02577
high_variance_low_task     4      8.0    0.00000      1.000      0.00000      0.00000
low_task                   1      0.0    0.12199      1.664      0.10787      0.03605
low_task                   1      1.0    0.11306      1.603      0.10478      0.03430
low_task                   1      2.0    0.10900      1.523      0.10497      0.03413
low_task                   1      3.0    0.07828      1.336      0.07632      0.01945
low_task                   1      4.0    0.05656      1.208      0.04735      0.00690
low_task                   1      5.0    0.03379      1.104      0.03174      0.00369
low_task                   1      6.0    0.02004      1.053      0.01801      0.00173
low_task                   1      7.0    0.00853      1.017      0.00930      0.00060
low_task                   1      8.0    0.00000      1.000      0.00000      0.00000
low_task                   2      0.0    0.46189      4.610      0.19907      0.06752
low_task                   2      1.0    0.45479      4.582      0.19696      0.06809
low_task                   2      2.0    0.51117      4.551      0.20517      0.09771
low_task                   2      3.0    0.34772      3.412      0.14998      0.04465
low_task                   2      4.0    0.26572      2.726      0.13087      0.04104
low_task                   2      5.0    0.25527      2.007      0.11861      0.03824
low_task                   2      6.0    0.16863      1.291      0.08302      0.02781
low_task                   2      7.0    0.10892      1.187      0.06257      0.02354
low_task                   2      8.0    0.00000      1.000      0.00000      0.00000
low_task                   4      0.0    0.53259      5.525      0.28219      0.14302
low_task                   4      1.0    0.53179      5.479      0.27664      0.13980
low_task                   4      2.0    0.54307      5.408      0.27433      0.15183
low_task                   4      3.0    0.44891      4.484      0.20959      0.09735
low_task                   4      4.0    0.35382      3.653      0.17142      0.05936
low_task                   4      5.0    0.25420      2.517      0.16227      0.06461
low_task                   4      6.0    0.12920      1.373      0.10087      0.03053
low_task                   4      7.0    0.10845      1.221      0.07564      0.02396
low_task                   4      8.0    0.00000      1.000      0.00000      0.00000
random_A                   1      0.0    2.65666     53.074      9.26841      9.19710
random_A                   1      1.0 832570.99321 19776967.320 23638936.77648 23638936.69150
random_A                   1      2.0 346945.16395 7113137.462 2754034.92080 2754034.83417
random_A                   1      3.0 38540.67838 797698.031  49007.65785  49007.58548
random_A                   1      4.0 2713.82608  54787.204   3373.36442   3373.30111
random_A                   1      5.0   24.11626    595.435     75.94531     75.88508
random_A                   1      6.0    0.09489      2.073      0.35680      0.30845
random_A                   1      7.0    0.03869      1.227      0.04423      0.01301
random_A                   1      8.0    0.00000      1.000      0.00000      0.00000
random_A                   2      0.0 183076.34580 3678112.974 1273475.62427 1273475.53319
random_A                   2      1.0 2441023.10353 49125430.542 72114813.38954 72114813.29564
random_A                   2      2.0 139333.95914 3417455.605 5235648.35158 5235648.24839
random_A                   2      3.0 97709.06846 2152582.555  83668.98682  83668.89182
random_A                   2      4.0 2661.29776  54459.169   3898.28669   3898.19562
random_A                   2      5.0  113.83557   2630.263    398.26552    398.17598
random_A                   2      6.0    0.37104      8.516      0.57306      0.50342
random_A                   2      7.0    0.06951      1.446      0.08122      0.03698
random_A                   2      8.0    0.00000      1.000      0.00000      0.00000
random_A                   4      0.0 473862.64004 11341425.048 41884921.02520 41884920.92137
random_A                   4      1.0 493236.50429 10930376.350 86877150.59325 86877150.48152
random_A                   4      2.0 503123.83639 9230165.373 56846213.96920 56846213.86305
random_A                   4      3.0 69545.54888 1579801.109 2235372.75533 2235372.65791
random_A                   4      4.0 3962.66658  91517.863  26124.58315  26124.49683
random_A                   4      5.0  136.12799   3231.833    634.00876    633.91094
random_A                   4      6.0    0.54479     12.174      1.68334      1.61256
random_A                   4      7.0    0.06479      1.351      0.08798      0.03897
random_A                   4      8.0    0.00000      1.000      0.00000      0.00000
random_Q                   1      0.0    0.40483      4.662      0.15334      0.05763
random_Q                   1      1.0    0.38311      4.369      0.15186      0.05690
random_Q                   1      2.0    0.35878      4.236      0.15307      0.06268
random_Q                   1      3.0    0.28894      3.410      0.10951      0.02974
random_Q                   1      4.0    0.18527      2.329      0.07396      0.01271
random_Q                   1      5.0    0.11542      1.606      0.07456      0.02237
random_Q                   1      6.0    0.06637      1.195      0.02834      0.00103
random_Q                   1      7.0    0.02267      1.025      0.01537     -0.00022
random_Q                   1      8.0    0.00000      1.000      0.00000      0.00000
random_Q                   2      0.0    0.45938      4.740      0.20485      0.10076
random_Q                   2      1.0    0.44031      4.464      0.19973      0.09686
random_Q                   2      2.0    0.42644      4.314      0.19906      0.09851
random_Q                   2      3.0    0.36264      3.455      0.15128      0.05797
random_Q                   2      4.0    0.26402      2.439      0.11119      0.02538
random_Q                   2      5.0    0.21163      1.823      0.10443      0.02697
random_Q                   2      6.0    0.14228      1.381      0.07239      0.00824
random_Q                   2      7.0    0.06821      1.040      0.04668      0.00088
random_Q                   2      8.0    0.00000      1.000      0.00000      0.00000
random_Q                   4      0.0    0.54621      5.557      0.32875      0.19970
random_Q                   4      1.0    0.54183      5.481      0.33384      0.20646
random_Q                   4      2.0    0.56428      5.195      0.33768      0.22556
random_Q                   4      3.0    0.42481      4.178      0.26346      0.15019
random_Q                   4      4.0    0.33991      3.389      0.21159      0.10514
random_Q                   4      5.0    0.31980      2.815      0.25057      0.15785
random_Q                   4      6.0    0.22560      1.870      0.11157      0.03079
random_Q                   4      7.0    0.11120      1.298      0.07459      0.01323
random_Q                   4      8.0    0.00000      1.000      0.00000      0.00000
