RBF population Mercer-spectrum rank estimate

d_x=5, ell=3.0, sigma2=0.1, alpha=0.05
Gauss-Hermite nodes=200, enumerated product modes=200000

Top 1D Mercer eigenvalues:
0.908327 0.0832691 0.00763354 0.00069979 6.41519e-05 5.881e-06 5.3913e-07 4.94237e-08 4.53082e-09 4.15354e-10 3.80768e-11 3.49063e-12

Top 5D product eigenvalues:
0.618317 0.056683 0.056683 0.056683 0.056683 0.056683 0.0051963 0.0051963 0.0051963 0.0051963 0.0051963 0.0051963 0.0051963 0.0051963 0.0051963 0.0051963 0.0051963 0.0051963 0.0051963 0.0051963

Population rank comparison:
n_ctx n_tgt cap  naive_r risk_n  corr_r risk_c kappa  empirical_r empirical_strict empirical_risk
   47    64  47       27 0.0522      21 0.0712 0.1712       17.12           27.88         0.0758
   47   128  47       27 0.0522      21 0.0712 0.1712       18.28           30.78         0.0763
   47   256  47       27 0.0522      21 0.0712 0.1712       18.84           32.28         0.0754
   96    64  64       46 0.0341      39 0.0422 0.1422       20.50           35.84         0.0447
   96   128  96       46 0.0341      39 0.0422 0.1422       21.81           43.59         0.0454
   96   256  96       46 0.0341      39 0.0422 0.1422       22.53           46.62         0.0449
  128    64  64       49 0.0287      46 0.0343 0.1343       21.97           38.81         0.0364
  128   128 128       49 0.0287      46 0.0343 0.1343       25.09           47.03         0.0379
  128   256 128       49 0.0287      46 0.0343 0.1343       28.12           50.75         0.0367
  192    64  64       53 0.0223      51 0.0257 0.1257       25.84           41.12         0.0267
  192   128 128       53 0.0223      51 0.0257 0.1257       31.53           50.41         0.0281
  192   256 192       53 0.0223      51 0.0257 0.1257       36.62           54.03         0.0271
  256    64  64       54 0.0186      53 0.0210 0.1210       28.97           42.97         0.0223
  256   128 128       54 0.0186      53 0.0210 0.1210       36.56           52.81         0.0230
  256   256 256       54 0.0186      53 0.0210 0.1210       41.84           55.72         0.0229

The naive column is the literal plug-in w_j=n*lambda_j^2/(n*lambda_j+sigma2).
The corrected column replaces sigma2 by kappa=sigma2+posterior_risk, the standard random-design learning-curve correction.
